308.99873354425273 0.018184817706381202 325366172.6184559 23967894.22709771 146987.05759852257 24344345.989733063
308.36281132490546 0.023069440444387326 334827043.75394857 23869959.12375425 -16728078.307572717 23462303.024667516
307.8962591543405 0.02421535467716267 312351524.7311155 22276863.962539043 31638684.552911542 23902293.799700357
307.57524023454596 0.023590965344095573 302453322.1355308 24189147.793866992 2796785.303571235 23555246.840616
307.33140756570265 0.021719694823226686 344223883.497343 24253297.37508808 3407329.666966914 23467019.619522646
306.70547924899 0.021816778103758983 319621765.3433983 24362586.194425434 -23512153.013747 23699071.83420775
306.5002068907051 0.02643508052325608 334697117.51278293 24124707.08639124 6022163.718282068 23780977.560300704
306.0248544469437 0.02286525133024568 305108970.360181 23775394.396884438 -5589434.754553736 23811304.413113825
305.27764132325336 0.023815671620222776 368436590.05506384 21778062.60919021 -8610390.435506372 22638293.888720788
304.89969317956525 0.020728519651017442 341625622.1518265 24739251.310397435 6481767.174835067 23256807.614848565
304.37332486393996 0.019189497175685907 340175557.3985365 23952085.257667962 -6924693.7362665925 22298293.868660234
303.8591264998406 0.025525629199182377 328978583.4726765 23917117.2246167 -3186076.772104077 23901530.380285837
303.1938482333328 0.020975574887065005 332373464.6346146 24712522.26306975 -13840944.87978065 23289387.21260533
302.7593205155172 0.01877156061567133 327914077.16547203 22702815.41356058 18832247.914698593 23684520.41875254
302.2166387065724 0.022036951780873663 341618233.26516414 22502614.239608794 -26890740.453490853 22859633.479145713
301.7153426514534 0.023361396544271128 355618473.1896821 22467603.703700647 21720920.6655787 23499555.192479014
300.97538790271153 0.022402056883024754 319461045.41828054 23326609.264429107 -9205585.319231536 22904201.45225734
300.60320705739434 0.022259868839501165 336431935.8577696 23002246.209606927 -34180939.42823478 22948850.263998944
300.00449766325545 0.02213734306861975 363314768.48850006 20489716.903768327 35124404.41726904 21526401.469105236
299.75265223828023 0.022333066094670118 350534577.6066339 20804203.41795858 -4190800.8531112117 21239079.376344662
299.628546115752 0.023567626171341966 327005406.1020794 20833383.187516842 -1186979.4003563833 22131831.884694748
299.399559209582 0.018701955974645725 326925240.1579327 23100366.53666557 -186079.37071432968 21413122.9417046
298.8124056264647 0.017437345872821843 337143885.66349596 23242055.016896132 18267170.91838552 22459201.622376565
298.29705604464385 0.0187189564086624 336619914.12294036 22475264.49793295 -16723536.728365831 22805336.803094592
297.79658363073344 0.02442373181101537 311848100.27574176 22937752.22585765 4196165.667173217 23189439.682998445
297.47417381537804 0.024069440533498233 305780991.87176824 24000756.862171557 12374365.192169975 22468116.523078073
297.19662247532636 0.019389814396438037 280726614.5039912 22408461.896038238 -14567743.664009446 21630037.080003943
296.74222880034245 0.015544981145209847 323206547.2809113 21398599.933025636 -16031229.029528078 20855286.429076727
296.40311825447816 0.01935807401968166 286913506.50851345 22185099.46330367 11158422.09923715 21086960.492277324
295.9349048998295 0.021036750941171443 280793738.45333457 22452982.16169465 24673486.984271567 23267612.12746074
295.4519715421349 0.018716210432240143 261108399.78469986 23054957.223357014 -15122742.189299097 23244794.471385196
294.88021579193673 0.02053123276270839 280111005.6728497 22983739.8767854 12694848.739650415 23483518.493845765
294.6419343972304 0.024268002358521612 254487903.74956477 23543914.46873981 17288260.65086029 23320370.35651542
293.9152324213797 0.025280351828491976 260427661.64279377 23553265.690104894 -1025632.4829954026 23601246.849379685
293.42374773028797 0.02391751066457869 252337194.1565926 23429795.301688958 4889665.702631776 23137503.606226273
292.76036126887664 0.020128563284022443 249924671.23231348 23202200.505224794 9600649.630130704 23113605.06410708
292.52923645668636 0.022721508835666492 257636684.25825486 22340721.1003668 -13245214.304757008 23355098.042610087
292.22090044652595 0.024321108637953316 245566413.31149328 23828214.905454412 19056183.347552534 23154281.60757595
291.58005996280434 0.02391832935552448 258666791.52442688 22594894.989239626 -25677044.227599807 23914703.928819593
291.16757601538404 0.019464892232425382 262259560.0312887 21286530.163599744 -1810960.105796748 22354956.69069982
